0,405
20,1
20,5
14,2
21,7
21,6
21,2
67,131
21,1
21,5
15,2
17,8
17,7
17,6
67,130
17,2
17,1
67,1
17,5
18,7
67,129
66,20
18,6
66,19
66,18
18,2
66,17
18,1
18,5
13,57
66,16
66,15
13,26
13,44
13,46
13,22
13,62
13,41
13,47
13,19
13,29
13,128
13,129
13,54
13,34
13,66
13,40
13,14
13,16
13,2
16,7
16,1
16,8
16,2
66,14
16,5
66,13
66,1
8,7
8,6
8,2
66,12
8,1
8,5
65,9
65,1
5,6
5,2
5,1
5,5
65,8
0,607
0,606
0,605
0,604
0,603
6,6
0,602
0,601
0,600
0,599
0,598
6,2
0,597
0,596
6,1
0,595
6,5
0,594
0,593
0,592
0,591
0,590
0,589
0,588
0,587
0,586
0,585
0,584
0,583
0,582
0,581
0,580
0,579
0,578
0,577
0,576
0,575
0,574
0,573
0,572
0,571
0,570
0,569
0,568
0,567
0,566
0,565
0,564
0,563
0,562
0,561
0,560
0,559
0,558
0,557
0,556
0,555
0,554
0,553
0,552
0,551
0,550
0,549
0,548
0,547
0,546
0,545
0,544
0,543
0,542
0,541
0,540
0,539
0,538
0,537
0,536
0,535
0,534
0,533
0,532
0,531
0,530
0,529
0,528
0,527
0,526
0,525
0,524
0,523
0,522
0,521
0,520
0,519
0,518
0,517
0,516
2,2
0,515
2,1
2,5
0,514
0,513
0,512
0,511
0,510
0,509
0,508
0,507
0,506
0,505
0,504
0,503
0,502
0,501
0,500
0,499
0,498
0,497
0,496
0,495
0,494
0,493
0,492
0,491
0,490
0,489
0,488
0,487
0,486
0,485
0,484
13,35
13,25
13,8
14,8
14,5
0,483
13,21
14,7
14,1
13,7
